239
-2147482649
1741
-2147481147
3263
-2147479625
4765
-2147478123
6287
-2147476601
7789
-2147475099
9311
-2147473577
10833
-2147472075
12335
-2147470553
13857
-2147469051
15359
-2147467529
16881
-2147466007
18383
-2147464505
19905
-2147462983
21407
-2147461481
22929
-2147459959
24451
-2147458457
25953
-2147456935
27475
-2147455413
28977
-2147453911
30499
-2147452389
32021
-2147450887
33523
-2147449365
35045
-2147447863
36547
-2147446341
38069
-2147444819
39571
-2147443317
41093
-2147441795
42595
-2147440293
44117
-2147438771
45639
-2147437269
47141
-2147435747
48663
-2147434225
50165
-2147432723
51687
-2147431201
53189
-2147429699
54711
-2147428177
56233
-2147426675
57735
-2147424397
62281
-2147420607
64559
-2147418329
66081
-2147416807
69871
-2147413017
71373
-2147411515
72895
-2147409993
74397
-2147408491
75919
-2147406969
77421
-2147405467
78943
-2147403945
80465
-2147402443
81967
-2147400921
83489
-2147399419
84991
-2147397897
86513
-2147396375
88015
-2147394873
89537
-2147393351
91059
-2147391849
92561
-2147390327
94083
-2147388805
95585
-2147387303
97107
-2147385781
98609
-2147384279
100131
-2147382757
101633
-2147381255
103155
-2147379733
104677
-2147378231
106179
-2147376709
107701
-2147375187
109203
-2147373685
110725
-2147372163
112227
-2147370661
113749
-2147369139
115271
-2147367637
116773
-2147366115
118295
-2147364613
119797
-2147363091
121319
-2147361569
122821
-2147360067
124343
-2147358545
125845
-2147357043
127367
-2147355521
128869
-2147354019
130391
-2147352497
131913
-2147350995
133415
-2147349473
134937
-2147347951
136439
-2147346449
137961
-2147344927
139463
-2147343425
140985
-2147341903
142507
-2147340401
144009
-2147338879
145531
-2147337377
147033
-2147335855
148555
-2147334333
150057
-2147332831
151579
-2147331309
153081
-2147329807
154603
-2147328285
156105
-2147326783
157627
-2147325261
159149
-2147323739
160651
-2147322237
162173
-2147320715
163675
-2147319213
165197
-2147317691
166719
-2147316169
168221
-2147314667
169743
-2147313145
171245
-2147310865
175813
-2147307075
178097
-2147304811
179599
-2147303289
183389
-2147299499
184911
-2147297977
186433
-2147296475
187935
-2147294953
189457
-2147293431
190959
-2147291929
192481
-2147290407
194003
-2147288905
195505
-2147287383
197027
-2147285861
198529
-2147284359
200051
-2147282837
201573
-2147281335
203075
-2147279813
204597
-2147278291
206099
-2147276789
207621
-2147275267
209123
-2147273765
210645
-2147272243
212167
-2147270741
213669
-2147269219
215191
-2147267697
216693
-2147266195
218215
-2147264673
219717
-2147263171
221239
-2147261649
222761
-2147260147
224263
-2147258625
225785
-2147257103
227287
-2147255601
228809
-2147254079
230311
-2147252577
231833
-2147251055
233355
-2147249553
234857
-2147248031
236379
-2147246529
237881
-2147245007
239403
-2147243485
240905
-2147241983
242427
-2147240461
243929
-2147238959
245451
-2147237437
246973
-2147235935
248475
-2147234413
249997
-2147232891
251499
-2147231389
253021
-2147229867
254523
-2147228365
256045
-2147226843
257547
-2147225341
259069
-2147223819
260591
-2147222317
262093
-2147220795
263615
-2147219293
265117
-2147217771
266639
-2147216099
268143
-2147214745
269665
-2147213243
271167
-2147211721
272689
-2147210219
274191
-2147208697
275713
-2147207175
277215
-2147205673
278737
-2147204151
280239
-2147202649
281761
-2147201127
283263
-2147199625
284785
-2147197347
289331
-2147193557
291609
-2147191279
293131
-2147189777
296923
-2147185965
298425
-2147184463
299947
-2147182941
301449
-2147181439
302971
-2147179917
304473
-2147178415
305995
-2147176893
307497
-2147175391
309019
-2147173869
310521
-2147172367
312043
-2147170845
313565
-2147169343
315067
-2147167821
316589
-2147166319
318091
-2147164797
319613
-2147163275
321115
-2147161773
322637
-2147160251
324139
-2147158749
325661
-2147157227
327163
-2147155725
328685
-2147154203
330187
-2147152701
331709
-2147151179
333231
-2147149677
334733
-2147148155
336255
-2147146653
337757
-2147145131
339279
-2147143609
340781
-2147142107
342303
-2147140585
343805
-2147139083
345327
-2147137561
346849
-2147136059
348351
-2147134537
349873
-2147133035
351375
-2147131513
352897
-2147129991
354399
-2147128489
355921
-2147126967
357425
-2147125463
358947
-2147123941
360449
-2147122439
361971
-2147120917
363473
-2147119415
364995
-2147117893
366517
-2147116391
368019
-2147114869
369541
-2147113367
371043
-2147111845
372565
-2147110323
374067
-2147108821
375589
-2147107299
377091
-2147105797
378613
-2147104275
380115
-2147102773
381637
-2147101251
383139
-2147099749
384661
-2147098227
386183
-2147096725
387685
-2147095203
389207
-2147093701
390709
-2147092179
392231
-2147090677
393733
-2147089155
395255
-2147087633
396757
-2147086131
398279
-2147083853
402825
-2147080063
405103
-2147077785
406625
-2147076283
410417
-2147072471
411919
-2147070969
413441
-2147069447
414943
-2147067945
416465
-2147066423
417967
-2147064921
419489
-2147063399
421011
-2147061897
422513
-2147060375
424035
-2147058853
425537
-2147057351
427059
-2147055829
428561
-2147054327
430083
-2147052805
431605
-2147051303
433107
-2147049781
434629
-2147048259
436131
-2147046757
437653
-2147045235
439155
-2147043733
440677
-2147042211
442199
-2147040709
443701
-2147039187
445223
-2147037665
446727
-2147036161
448249
-2147034639
449751
-2147033137
451273
-2147031615
452775
-2147030113
454297
-2147028591
455799
-2147027089
457321
-2147025567
458843
-2147024065
460345
-2147022543
461867
-2147021021
463369
-2147019519
464891
-2147017997
466393
-2147016495
467915
-2147014973
469437
-2147013471
470939
-2147011949
472461
-2147010427
473963
-2147008925
475485
-2147007403
476987
-2147005901
478509
-2147004379
480031
-2147002877
481533
-2147001355
483055
-2146999853
484557
-2146998331
486079
-2146996809
487581
-2146995307
489103
-2146993785
490605
-2146992283
492127
-2146990761
493629
-2146989259
495151
-2146987737
496653
-2146986235
498175
-2146984713
499677
-2146983211
501199
-2146981689
502701
-2146980187
504223
-2146978665
505725
-2146977163
507247
-2146975641
508749
-2146974139
510271
-2146972617
511773
-2146970359
516341
-2146966567
518599
-2146964289
520121
-2146962767
523911
-2146958977
525433
-2146957475
526935
-2146955953
528457
-2146954451
529959
-2146952929
531481
-2146951427
532983
-2146949905
534505
-2146948403
536221
-2146946877
537513
-2146945375
539035
-2146943853
540557
-2146942351
542059
-2146940829
543581
-2146939327
545083
-2146937805
546605
-2146936303
548107
-2146934781
549629
-2146933259
551131
-2146931757
552653
-2146930235
554155
-2146928733
555677
-2146927211
557179
-2146925709
558701
-2146924187
560203
-2146922685
561725
-2146921163
563227
-2146919661
564749
-2146918139
566251
-2146916637
567773
-2146915115
569275
-2146913613
570797
-2146912091
572319
-2146910589
573821
-2146909067
575343
-2146907565
576845
-2146906043
578367
-2146904521
579869
-2146903019
581391
-2146901497
582893
-2146899995
584415
-2146898473
585917
-2146896971
587439
-2146895449
588961
-2146893947
590463
-2146892425
591985
-2146890923
593487
-2146889401
595009
-2146887879
596511
-2146886377
598033
-2146884855
599535
-2146883353
601057
-2146881831
602559
-2146880329
604081
-2146878807
605603
-2146877305
607105
-2146875783
608627
-2146874281
610129
-2146872759
611651
-2146871237
613153
-2146869735
614675
-2146868213
616177
-2146866711
617699
-2146865189
619201
-2146863687
620723
-2146862165
622225
-2146860663
623747
-2146859141
625269
-2146856859
629819
-2146853069
632097
-2146850811
633599
-2146849289
637389
-2146845499
638911
-2146843977
640433
-2146842475
641935
-2146840953
643457
-2146839451
644959
-2146837929
646481
-2146836407
647983
-2146834905
649505
-2146833383
651007
-2146831881
652529
-2146830359
654051
-2146828857
655553
-2146827335
657075
-2146825813
658577
-2146824311
660099
-2146822789
661601
-2146821287
663123
-2146819765
664645
-2146818263
666147
-2146816741
667669
-2146815239
669171
-2146813717
670693
-2146812195
672195
-2146810693
673717
-2146809171
675219
-2146807669
676741
-2146806147
678263
-2146804645
679765
-2146803123
681287
-2146801621
682789
-2146800099
684311
-2146798577
685813
-2146797075
687335
-2146795553
688837
-2146794051
690359
-2146792529
691861
-2146791027
693383
-2146789505
694905
-2146788003
696407
-2146786481
697929
-2146784959
699431
-2146783457
700953
-2146781935
702475
-2146780433
703977
-2146778911
705499
-2146777409
707001
-2146775887
708523
-2146774365
710025
-2146772863
711547
-2146771341
713049
-2146769839
714571
-2146768313
716077
-2146766811
717599
-2146765289
719101
-2146763787
720623
-2146762265
722145
-2146760763
723647
-2146759241
725169
-2146757719
726671
-2146756217
728193
-2146754695
729695
-2146753193
731217
-2146751671
732739
-2146750169
734241
-2146748647
735763
-2146747125
737265
-2146745623
738787
-2146743345
743333
-2146739555
745611
-2146737277
747133
-2146735775
750925
-2146731963
752427
-2146730461
753949
-2146728939
755451
-2146727437
756973
-2146725915
758475
-2146724413
759997
-2146722891
761499
-2146721389
763021
-2146719867
764543
-2146718365
766045
-2146716843
767567
-2146715341
769069
-2146713819
770591
-2146712297
772093
-2146710795
773615
-2146709273
775117
-2146707771
776639
-2146706249
778141
-2146704747
779663
-2146703225
781165
-2146701723
782687
-2146700201
784189
-2146698699
785711
-2146697177
787213
-2146695675
788735
-2146694153
790257
-2146692651
791759
-2146691129
793281
-2146689627
794783
-2146688105
796305
-2146686603
797807
-2146685081
799329
-2146683579
800831
-2146682057
802353
-2146680535
803855
-2146678777
805381
-2146677507
806883
-2146676005
808405
-2146674483
809907
-2146672981
811429
-2146671459
812951
-2146669957
814453
-2146668435
815975
-2146666933
817479
-2146665407
818985
-2146663901
820511
-2146662375
822017
-2146660869
823543
-2146659363
825049
-2146657837
826555
-2146656331
828081
-2146654825
829587
-2146653299
831093
-2146651793
832619
-2146650287
834125
-2146648761
835631
-2146647255
837157
-2146645749
838663
-2146644223
840169
-2146642717
841695
-2146641211
843201
-2146639685
844707
-2146638179
846233
-2146636673
847739
-2146635147
849245
-2146633641
850771
-2146632135
852277
-2146629853
856827
-2146626059
859109
-2146623777
860615
-2146622271
864409
-2146618477
865935
-2146616971
867441
-2146615445
868947
-2146613939
870473
-2146612413
871979
-2146610907
873505
-2146609401
875011
-2146607875
876517
-2146606369
878043
-2146604863
879549
-2146603337
881055
-2146601831
882581
-2146600305
884087
-2146598799
885613
-2146597293
887119
-2146595767
888625
-2146594261
890151
-2146592755
891657
-2146591229
893163
-2146589723
894693
-2146588213
896199
-2146586687
897705
-2146585181
899231
-2146583675
900737
-2146582149
902243
-2146580643
903769
-2146579137
905275
-2146577611
906781
-2146576105
908307
-2146574579
909813
-2146573073
911339
-2146571567
912845
-2146570041
914351
-2146568535
915877
-2146567029
917383
-2146565503
918889
-2146563997
920415
-2146562491
921921
-2146560965
923427
-2146559459
924953
-2146557953
926459
-2146556427
927965
-2146554921
929491
-2146553415
930997
-2146551889
932503
-2146550383
934029
-2146548857
935535
-2146547351
937061
-2146545845
938567
-2146544319
940073
-2146542813
941599
-2146541287
943105
-2146539781
944631
-2146538275
946137
-2146536749
947643
-2146535243
949169
-2146533737
950675
-2146532211
952181
-2146530705
953707
-2146529179
955213
-2146527673
956739
-2146526167
958245
-2146524641
959751
-2146523135
961277
-2146521629
962783
-2146520103
964289
-2146518597
965815
-2146516315
970365
-2146512521
972647
-2146510259
974153
-2146508733
977947
-2146504939
979453
-2146503433
980979
-2146501927
982485
-2146500401
983993
-2146498893
985519
-2146497387
987025
-2146495861
988531
-2146494355
990057
-2146492849
991563
-2146491323
993069
-2146489817
994595
-2146488291
996101
-2146486785
997627
-2146485279
999133
-2146483753
1000639
-2146482247
1002165
-2146480741
1003671
-2146479215
1005177
-2146477709
1006703
-2146476203
1008209
-2146474677
1009715
-2146473171
1011241
-2146471665
1012747
-2146470139
1014253
-2146468633
1015779
-2146467127
1017285
-2146465601
1018791
-2146464095
1020317
-2146462589
1021823
-2146461063
1023329
-2146459557
1024855
-2146458031
1026361
-2146456525
1027887
-2146455019
1029393
-2146453493
1030899
-2146451987
1032425
-2146450481
1033931
-2146448955
1035437
-2146447449
1036963
-2146445943
1038469
-2146444417
1039975
-2146442911
1041501
-2146441405
1043007
-2146439879
1044513
-2146438373
1046039
-2146436847
1047545
-2146435341
1049071
-2146433835
1050577
-2146432309
1052083
-2146430803
1053609
-2146429297
1055115
-2146427771
1056621
-2146426265
1058147
-2146424759
1059653
-2146423233
1061159
-2146421727
1062685
-2146420201
1064191
-2146418695
1065717
-2146417189
1067223
-2146415663
1068729
-2146414157
1070255
-2146412651
1071761
-2146411125
1073521
-2146409617
1074795
-2146408111
1076301
-2146406585
1077807
-2146405079
1079333
-2146402797
1083883
-2146399003
1086165
-2146396741
1087671
-2146395215
1091465
-2146391421
1092971
-2146389915
1094497
-2146388389
1096003
-2146386883
1097509
-2146385377
1099035
-2146383851
1100541
-2146382345
1102067
-2146380839
1103573
-2146379313
1105079
-2146377807
1106605
-2146376301
1108111
-2146374775
1109617
-2146373269
1111143
-2146371763
1112649
-2146370237
1114155
-2146368731
1115681
-2146367225
1117187
-2146365699
1118693
-2146364193
1120219
-2146362687
1121725
-2146361161
1123231
-2146359655
1124757
-2146358149
1126263
-2146356623
1127769
-2146355117
1129295
-2146353611
1130801
-2146352085
1132307
-2146350579
1133833
-2146349073
1135339
-2146347547
1136845
-2146346041
1138371
-2146344535
1139877
-2146343009
1141383
-2146341503
1142909
-2146339997
1144415
-2146338471
1145921
-2146336965
1147447
-2146335459
1148953
-2146333933
1150459
-2146332427
1151985
-2146330921
1153491
-2146329395
1154997
-2146327889
1156523
-2146326383
1158029
-2146324857
1159535
-2146323351
1161061
-2146321845
1162567
-2146320315
1164077
-2146318809
1165603
-2146317303
1167109
-2146315777
1168615
-2146314271
1170121
-2146312765
1171647
-2146311239
1173153
-2146309733
1174659
-2146308227
1176185
-2146306701
1177691
-2146305195
1179197
-2146303689
1180723
-2146302183
1182229
-2146300657
1183735
-2146299151
1185261
-2146297645
1186767
-2146296119
1188273
-2146294613
1189799
-2146293107
1191305
-2146291581
1192811
-2146289319
1197383
-2146285523
1199645
-2146283241
1201151
-2146281735
1204945
-2146277941
1206471
-2146276415
1207977
-2146274909
1209483
-2146273403
1211009
-2146271897
1212515
-2146270371
1214021
-2146268865
1215547
-2146267359
1217053
-2146265833
1218559
-2146264327
1220085
-2146262821
1221591
-2146261295
1223097
-2146259789
1224623
-2146258283
1226129
-2146256757
1227635
-2146255251
1229161
-2146253745
1230667
-2146252219
1232173
-2146250713
1233699
-2146249207
1235205
-2146247681
1236711
-2146246175
1238237
-2146244669
1239743
-2146243143
1241249
-2146241637
1242755
-2146240131
1244281
-2146238605
1245787
-2146237099
1247313
-2146235593
1248819
-2146234067
1250325
-2146232561
1251851
-2146231011
1253359
-2146229547
1254865
-2146228021
1256371
-2146226515
1257897
-2146225009
1259403
-2146223483
1260909
-2146221977
1262435
-2146220471
1263941
-2146218945
1265447
-2146217439
1266973
-2146215933
1268479
-2146214407
1269985
-2146212901
1271511
-2146211395
1273017
-2146209869
1274523
-2146208363
1276049
-2146206857
1277555
-2146205331
1279061
-2146203825
1280587
-2146202319
1282093
-2146200793
1283599
-2146199287
1285125
-2146197781
1286631
-2146196255
1288137
-2146194749
1289663
-2146193243
1291169
-2146191717
1292675
-2146190211
1294201
-2146188705
1295707
-2146187179
1297213
-2146185673
1298739
-2146184167
1300245
-2146182641
1301751
-2146181135
1303277
-2146179609
1304783
-2146178103
1306289
-2146175841
1310861
-2146172045
1313123
-2146169763
1314649
-2146168257
1318445
-2146164461
1319951
-2146162935
1321457
-2146161429
1322963
-2146159923
1324489
-2146158417
1325995
-2146156891
1327501
-2146155385
1329027
-2146153879
1330533
-2146152353
1332039
-2146150847
1333565
-2146149341
1335071
-2146147815
1336577
-2146146309
1338103
-2146144803
1339609
-2146143277
1341115
-2146141771
1342643
-2146140263
1344149
-2146138737
1345655
-2146137231
1347181
-2146135725
1348687
-2146134199
1350193
-2146132693
1351719
-2146131187
1353225
-2146129661
1354731
-2146128155
1356257
-2146126649
1357763
-2146125123
1359269
-2146123617
1360795
-2146122111
1362301
-2146120585
1363807
-2146119079
1365333
-2146117573
1366839
-2146116047
1368345
-2146114541
1369871
-2146113035
1371377
-2146111509
1372883
-2146110003
1374409
-2146108497
1375915
-2146106971
1377421
-2146105465
1378947
-2146103959
1380453
-2146102433
1381959
-2146100927
1383465
-2146099421
1384991
-2146097895
1386497
-2146096389
1388003
-2146094883
1389529
-2146093357
1391035
-2146091851
1392561
-2146090345
1394067
-2146088819
1395573
-2146087313
1397099
-2146085807
1398605
-2146084281
1400111
-2146082775
1401637
-2146081269
1403143
-2146079743
1404649
-2146078237
1406175
-2146076731
1407681
-2146075205
1409187
-2146073699
1410713
-2146072193
1412219
-2146070667
1413725
-2146069161
1415251
-2146067635
1416757
-2146066129
1418263
-2146064623
1419789
-2146062341
1424339
-2146058547
1426621
-2146056285
1428127
-2146054759
1431925
-2146050961
1433431
-2146049455
1434957
-2146047949
1436463
-2146046423
1437969
-2146044917
1439495
-2146043411
1441001
-2146041885
1442507
-2146040379
1444033
-2146038873
1445539
-2146037347
1447045
-2146035841
1448571
-2146034335
1450077
-2146032809
1451583
-2146031303
1453109
-2146029777
1454615
-2146028271
1456141
-2146026765
1457647
-2146025239
1459153
-2146023733
1460679
-2146022227
1462185
-2146020701
1463691
-2146019195
1465217
-2146017669
1466723
-2146016163
1468249
-2146014657
1469755
-2146013131
1471261
-2146011625
1472787
-2146010119
1474293
-2146008593
1475799
-2146007087
1477325
-2146005581
1478831
-2146004055
1480337
-2146002549
1481863
-2146001043
1483369
-2145999517
1484875
-2145998011
1486401
-2145996505
1487907
-2145994979
1489413
-2145993473
1490939
-2145991967
1492445
-2145990441
1493951
-2145988935
1495477
-2145987429
1496983
-2145985903
1498489
-2145984397
1500015
-2145982871
1501521
-2145981365
1503047
-2145979859
1504553
-2145978333
1506059
-2145976827
1507585
-2145975321
1509091
-2145973795
1510597
-2145972289
1512123
-2145970783
1513629
-2145969257
1515135
-2145967751
1516661
-2145966225
1518167
-2145964719
1519693
-2145963213
1521265
-2145961705
1522707
-2145960179
1524213
-2145958673
1525739
-2145957147
1527245
-2145955641
1528771
-2145954135
1530277
-2145952609
1531783
-2145951103
1533309
-2145948821
1537859
-2145945027
1540141
-2145942765
1541647
-2145941239
1545441
-2145937445
1546967
-2145935939
1548473
-2145934413
1549979
-2145932907
1551505
-2145931401
1553011
-2145929875
1554517
-2145928369
1556043
-2145926863
1557549
-2145925337
1559075
-2145923831
1560581
-2145922305
1562087
-2145920799
1563613
-2145919293
1565119
-2145917767
1566625
-2145916261
1568151
-2145914735
1569657
-2145913229
1571183
-2145911723
1572689
-2145910197
1574195
-2145908691
1575721
-2145907185
1577227
-2145905659
1578733
-2145904153
1580259
-2145902627
1581765
-2145901121
1583291
-2145899615
1584797
-2145898089
1586303
-2145896583
1587829
-2145895077
1589335
-2145893551
1590841
-2145892045
1592367
-2145890519
1593873
-2145889013
1595399
-2145887507
1596905
-2145885981
